tan(0) = 0
tan(10) = 0.176327
tan(20) = 0.36397
tan(30) = 0.57735
tan(40) = 0.8391